<?xml version="1.0"?>
<opencv_storage>
<distortion-my type_id="opencv-matrix">
  <rows>5</rows>
  <cols>1</cols>
  <dt>f</dt>
  <data>
    1.52547523e-01 -5.29938400e-01 -1.83839293e-05 3.73009918e-03
    5.31087637e-01</data></distortion-my>
</opencv_storage>
