<?xml version="1.0"?>
<opencv_storage>
<distortion-my type_id="opencv-matrix">
  <rows>5</rows>
  <cols>1</cols>
  <dt>f</dt>
  <data>
    2.32738554e-01 -6.72618270e-01 -4.53309119e-02 -2.96840798e-02
    8.99070621e-01</data></distortion-my>
</opencv_storage>
