<?xml version="1.0"?>
<opencv_storage>
<sashadistor type_id="opencv-matrix">
  <rows>5</rows>
  <cols>1</cols>
  <dt>f</dt>
  <data>
    1.53631940e-01 -6.89231992e-01 4.15584585e-03 -1.12304641e-02
    8.32694530e-01</data></sashadistor>
</opencv_storage>
