<?xml version="1.0"?>
<opencv_storage>
<sashadistor type_id="opencv-matrix">
  <rows>5</rows>
  <cols>1</cols>
  <dt>f</dt>
  <data>
    4.38159294e-02 2.25788742e-01 -1.50425620e-02 2.09944919e-02
    -5.82697630e-01</data></sashadistor>
</opencv_storage>
